305 3050 0 0
1x2/e6e3da 0 0 1
1x4/d4d5c9 2 0 1
1x8/cdc298 6 0 1
1x4/b4a774 14 0 1
1x2/907450 18 0 1
1x3/583927 20 0 1
1x2/582a12 23 0 1
1x4/583927 25 0 1
1x2/764d3b 29 0 1
1x12/bdc6ad 0 1 0
1x12/bdc6ad 1 1 0
1x2/bdc6ad 2 1 0
1x8/bdc6ad 3 1 0
1x8/bdc6ad 4 1 0
1x3/bdc6ad 5 1 1
1x2/d4d5c9 8 1 0
1x12/d4d5c9 9 1 1
2x3/d4d5c9 21 1 0
1x2/dec69c 23 1 1
1x2/dec69c 25 1 0
2x2/dec69c 26 1 0
1x2/d4d5c9 28 1 1
2x16/d4d5c9 30 1 0
1x6/bdc6ad 5 2 0
1x3/bdc6ad 6 2 0
1x2/d4d5c9 7 2 0
1x12/d4d5c9 9 2 1
1x2/d4d5c9 23 2 0
1x4/d4d5c9 24 2 0
2x10/bdc6ad 28 2 0
1x12/bdc6ad 2 3 0
2x2/d4d5c9 8 3 0
1x3/d4d5c9 10 3 1
1x2/3e3c39 13 3 0
1x2/645a4c 14 3 1
2x2/3e3c39 16 3 0
1x2/9c9c9c 18 3 1
1x4/d4d5c9 25 3 0
1x4/bdc6ad 26 3 0
1x5/d4d5c9 27 3 0
1x2/d4d5c9 7 4 0
1x2/3e3c39 10 4 1
1x2/3e3c39 12 4 0
1x2/57392c 14 4 0
1x2/645a4c 15 4 0
1x2/3e3c39 18 4 0
1x4/3e3c39 19 4 1
1x2/bdc6ad 6 5 0
1x2/3e3c39 8 5 1
1x2/3e3c39 10 5 0
1x2/3e3c39 11 5 0
1x2/5e3f33 16 5 1
1x5/3e3c39 19 5 1
1x3/3e3c39 7 6 0
1x2/3e3c39 8 6 1
1x2/755945 12 6 1
1x5/d09168 14 6 1
1x6/cca373 19 6 0
1x5/3e3c39 20 6 1
1x5/5e3f33 6 7 0
1x2/5c5030 8 7 1
1x5/dec69c 10 7 0
1x5/dec69c 11 7 0
1x4/dec69c 12 7 0
1x4/dec69c 13 7 0
1x4/dcbc81 14 7 1
1x4/dcbc81 18 7 0
1x2/cca373 20 7 1
1x2/755945 22 7 1
1x2/3e3c39 24 7 1
1x6/cca373 8 8 0
1x2/dec69c 9 8 0
3x3/dec69c 14 8 0
1x3/dec69c 17 8 0
2x3/dcbc81 20 8 0
1x2/cca373 22 8 1
1x12/cca373 24 8 0
1x2/3e3c39 25 8 1
1x2/bdc6ad 27 8 0
1x2/bdc6ad 3 9 0
1x2/bdc6ad 4 9 0
1x3/1b2a34 5 9 0
1x2/958a73 7 9 0
1x3/dcbc81 22 9 0
1x3/dcbc81 23 9 0
1x2/755945 25 9 0
1x5/3e3c39 26 9 0
1x2/dec69c 9 10 0
1x3/3e3c39 27 10 0
1x5/bdc6ad 3 11 0
1x2/cca373 7 11 0
1x3/dcbc81 12 11 1
1x2/dec69c 15 11 1
1x2/dcbc81 17 11 1
1x2/cca373 20 11 1
1x2/b4a774 25 11 0
1x2/1b2a34 4 12 0
1x4/3e3c39 5 12 0
1x2/958a73 6 12 0
1x2/907450 9 12 0
1x4/57392c 10 12 1
1x3/907450 14 12 0
1x3/cca373 15 12 0
1x2/dcbc81 16 12 0
1x6/cca373 17 12 0
1x3/755945 18 12 1
1x2/755945 21 12 1
1x2/ae7a59 23 12 0
2x2/d4d5c9 28 12 0
2x14/bdc6ad 0 13 0
1x4/cdc298 7 13 0
1x2/907450 10 13 1
1x2/aa7d55 12 13 1
1x5/907450 18 13 1
1x4/cca373 25 13 0
1x2/352100 27 13 0
1x2/dcbc81 6 14 0
1x6/cca373 8 14 0
1x2/764d3b 9 14 1
1x2/3e3c39 11 14 1
1x2/907450 13 14 0
1x2/dec69c 16 14 0
1x2/755945 18 14 1
1x2/907450 21 14 1
1x2/cca373 23 14 0
1x3/907450 26 14 0
2x8/bdc6ad 28 14 0
1x12/bdc6ad 2 15 0
1x2/5e3f33 4 15 0
1x2/cca373 9 15 1
1x2/ae7a59 11 15 1
1x2/cca373 14 15 0
1x3/d09168 15 15 0
1x3/cca373 18 15 0
1x2/bd7d85 19 15 1
1x2/cca373 21 15 1
1x3/764d3b 5 16 0
1x2/cca373 6 16 0
1x2/dec69c 9 16 1
2x2/dec69c 11 16 0
1x2/dcbc81 13 16 0
1x2/cca373 16 16 0
1x2/dec69c 19 16 1
1x2/dcbc81 21 16 1
1x3/dcbc81 23 16 0
1x2/aa7d55 27 16 0
1x5/bdc6ad 3 17 0
1x3/cca373 7 17 0
1x4/cca373 9 17 0
1x2/dcbc81 10 17 0
1x2/cca373 19 17 0
1x3/dcbc81 20 17 1
1x2/b4a774 25 17 0
1x2/d4d5c9 30 17 1
1x2/bdc6ad 4 18 0
1x2/907450 6 18 0
1x2/dcbc81 11 18 1
1x2/cca373 13 18 0
1x2/755945 14 18 1
1x2/907450 16 18 1
1x12/ae7a59 18 18 0
1x2/dcbc81 20 18 1
1x4/cca373 22 18 0
1x2/ae7a59 26 18 0
1x8/d4d5c9 27 18 0
1x8/d4d5c9 30 18 0
1x6/d4d5c9 31 18 0
1x4/bdc6ad 5 19 0
1x2/cca373 10 19 0
1x2/cca373 11 19 0
1x2/cca373 12 19 0
1x3/cca373 14 19 1
1x2/cca373 17 19 0
1x6/cca373 19 19 0
1x2/cca373 20 19 1
1x2/cca373 23 19 0
1x6/bdc6ad 25 19 0
1x2/bdc6ad 4 20 0
1x4/bdc6ad 6 20 0
1x2/bd7d85 7 20 1
4x4/ae7a59 13 20 0
1x2/d09168 20 20 1
1x2/bd7d85 24 20 0
1x5/d4d5c9 26 20 0
1x2/bdc6ad 7 21 0
1x2/ae7a59 8 21 1
1x2/cca373 10 21 1
1x2/ae7a59 12 21 0
1x2/ae7a59 17 21 0
2x2/d09168 20 21 0
1x2/bd7d85 23 21 0
1x3/bdc6ad 3 22 0
1x3/bdc6ad 4 22 0
1x2/958a73 8 22 1
1x6/aa7d55 10 22 0
1x2/ae7a59 11 22 0
1x5/958a73 22 22 0
1x2/d4d5c9 24 22 0
2x4/d4d5c9 28 22 0
1x2/3e3c39 7 23 0
1x3/5c5030 8 23 0
1x2/ae7a59 9 23 0
1x6/907450 12 23 0
1x2/cca373 17 23 0
1x2/b4a774 20 23 0
1x4/aa7d55 21 23 0
1x2/ae7a59 23 23 0
1x2/645a4c 5 24 0
1x2/5e3f33 6 24 0
1x2/907450 11 24 0
1x4/bd7d85 13 24 1
1x2/d4d5c9 24 24 0
1x6/cdc298 31 24 0
1x2/abadac 3 25 1
1x2/b4a774 7 25 0
1x2/b4a774 9 25 0
1x3/907450 13 25 0
1x5/907450 14 25 0
1x3/ae7a59 15 25 1
1x2/907450 19 25 1
1x2/958a73 23 25 0
1x2/d4d5c9 25 25 1
3x3/cdc298 4 26 0
1x2/755945 8 26 0
1x2/ae7a59 11 26 0
1x4/907450 15 26 0
1x2/907450 16 26 0
1x3/907450 17 26 0
1x3/aa7d55 19 26 0
1x2/ae7a59 20 26 0
1x3/907450 24 26 0
1x3/755945 25 26 1
2x2/cdc298 29 26 0
1x2/bdc6ad 0 27 1
1x2/dec69c 2 27 0
1x2/cdc298 3 27 0
1x3/cdc298 7 27 0
2x2/b4a774 21 27 0
1x2/958a73 23 27 0
1x2/ae7a59 25 27 1
2x4/b4a774 27 27 0
1x2/dec69c 0 28 1
1x2/cdc298 8 28 0
1x2/755945 9 28 1
1x2/958a73 11 28 0
1x2/907450 13 28 0
1x2/907450 16 28 0
1x2/958a73 20 28 0
2x4/b4a774 25 28 0
1x2/cdc298 29 28 0
1x3/b4a774 30 28 0
1x2/cdc298 0 29 0
1x2/5e3f33 1 29 1
1x2/cca373 5 29 1
1x2/cdc298 9 29 1
1x2/907450 17 29 0
1x2/907450 19 29 0
1x2/907450 21 29 1
1x3/cca373 23 29 0
1x2/cdc298 24 29 0
2x3/cdc298 1 30 1
1x2/cca373 4 30 0
1x2/5c5030 5 30 1
1x2/755945 7 30 0
1x2/b4a774 8 30 1
1x2/958a73 10 30 1
1x2/b4a774 12 30 1
1x2/755945 14 30 1
1x2/958a73 18 30 0
1x2/cdc298 20 30 1
1x2/958a73 22 30 0
1x2/958a73 29 30 0
1x2/958a73 31 30 0
1x2/b4a774 5 31 1
1x3/755945 8 31 1
1x3/958a73 12 31 1
1x3/b4a774 15 31 1
1x3/cca373 19 31 1
1x2/bd7d85 27 31 1
1x1/907450 31 0 0
1x1/d4d5c9 20 3 0
1x1/d4d5c9 23 4 0
1x1/3e3c39 13 5 0
1x1/d4d5c9 26 7 0
1x1/d4d5c9 5 8 0
1x1/abadac 4 11 0
1x1/bdc6ad 4 14 0
1x1/3e3c39 20 14 0
1x1/57392c 27 15 0
1x1/3e3c39 3 16 0
1x1/7c503a 4 17 0
1x1/cca373 14 17 0
1x1/57392c 26 17 0
1x1/bdc6ad 5 23 0
1x1/57392c 3 26 0
1x1/5e3f33 28 26 0
1x1/958a73 9 27 0
1x1/3e3c39 3 29 0
1x1/6b5a5a 4 29 0
1x1/764d3b 12 29 0
1x1/907450 16 30 0
1x1/cca373 0 31 0
1x1/dec69c 11 31 0
1x1/b4a774 24 31 0
1x1/3e3c39 30 31 0
