1024 10240 0 0
1x1/b4d2e3 0 0 0
1x1/b4d2e3 1 0 0
1x1/b4d2e3 2 0 0
1x1/b4d2e3 3 0 0
1x1/b4d2e3 4 0 0
1x1/b4d2e3 5 0 0
1x1/b4d2e3 6 0 0
1x1/9ba19d 7 0 0
1x1/c870a0 8 0 0
1x1/c870a0 9 0 0
1x1/c870a0 10 0 0
1x1/c870a0 11 0 0
1x1/c870a0 12 0 0
1x1/c870a0 13 0 0
1x1/c870a0 14 0 0
1x1/c870a0 15 0 0
1x1/c870a0 16 0 0
1x1/c870a0 17 0 0
1x1/c870a0 18 0 0
1x1/583927 19 0 0
1x1/583927 20 0 0
1x1/583927 21 0 0
1x1/583927 22 0 0
1x1/583927 23 0 0
1x1/583927 24 0 0
1x1/583927 25 0 0
1x1/583927 26 0 0
1x1/583927 27 0 0
1x1/583927 28 0 0
1x1/583927 29 0 0
1x1/583927 30 0 0
1x1/6d6e5c 31 0 0
1x1/9ba19d 0 1 0
1x1/9ba19d 1 1 0
1x1/9ba19d 2 1 0
1x1/9ba19d 3 1 0
1x1/b4d2e3 4 1 0
1x1/9ba19d 5 1 0
1x1/9ba19d 6 1 0
1x1/9ba19d 7 1 0
1x1/b4d2e3 8 1 0
1x1/b4d2e3 9 1 0
1x1/b4d2e3 10 1 0
1x1/b4d2e3 11 1 0
1x1/b4d2e3 12 1 0
1x1/b4d2e3 13 1 0
1x1/b4d2e3 14 1 0
1x1/b4d2e3 15 1 0
1x1/b4d2e3 16 1 0
1x1/b4d2e3 17 1 0
1x1/b4d2e3 18 1 0
1x1/b4d2e3 19 1 0
1x1/b4d2e3 20 1 0
1x1/b4d2e3 21 1 0
1x1/b4d2e3 22 1 0
1x1/b4d2e3 23 1 0
1x1/b4d2e3 24 1 0
1x1/b4d2e3 25 1 0
1x1/b4d2e3 26 1 0
1x1/9ba19d 27 1 0
1x1/b4d2e3 28 1 0
1x1/b4d2e3 29 1 0
1x1/b4d2e3 30 1 0
1x1/b4d2e3 31 1 0
1x1/9ba19d 0 2 0
1x1/9ba19d 1 2 0
1x1/9ba19d 2 2 0
1x1/9ba19d 3 2 0
1x1/b4d2e3 4 2 0
1x1/9ba19d 5 2 0
1x1/b4d2e3 6 2 0
1x1/b4d2e3 7 2 0
1x1/b4d2e3 8 2 0
1x1/9ba19d 9 2 0
1x1/b4d2e3 10 2 0
1x1/b4d2e3 11 2 0
1x1/b4d2e3 12 2 0
1x1/b4d2e3 13 2 0
1x1/b4d2e3 14 2 0
1x1/b4d2e3 15 2 0
1x1/b4d2e3 16 2 0
1x1/b4d2e3 17 2 0
1x1/b4d2e3 18 2 0
1x1/b4d2e3 19 2 0
1x1/b4d2e3 20 2 0
1x1/b4d2e3 21 2 0
1x1/b4d2e3 22 2 0
1x1/b4d2e3 23 2 0
1x1/b4d2e3 24 2 0
1x1/9ba19d 25 2 0
1x1/9ba19d 26 2 0
1x1/9ba19d 27 2 0
1x1/b4d2e3 28 2 0
1x1/b4d2e3 29 2 0
1x1/b4d2e3 30 2 0
1x1/b4d2e3 31 2 0
1x1/9ba19d 0 3 0
1x1/9ba19d 1 3 0
1x1/9ba19d 2 3 0
1x1/9ba19d 3 3 0
1x1/9ba19d 4 3 0
1x1/b4d2e3 5 3 0
1x1/9ba19d 6 3 0
1x1/b4d2e3 7 3 0
1x1/b4d2e3 8 3 0
1x1/b4d2e3 9 3 0
1x1/b4d2e3 10 3 0
1x1/b4d2e3 11 3 0
1x1/b4d2e3 12 3 0
1x1/05131d 13 3 0
1x1/583927 14 3 0
1x1/583927 15 3 0
1x1/05131d 16 3 0
1x1/05131d 17 3 0
1x1/c870a0 18 3 0
1x1/c870a0 19 3 0
1x1/b4d2e3 20 3 0
1x1/b4d2e3 21 3 0
1x1/b4d2e3 22 3 0
1x1/b4d2e3 23 3 0
1x1/b4d2e3 24 3 0
1x1/b4d2e3 25 3 0
1x1/b4d2e3 26 3 0
1x1/b4d2e3 27 3 0
1x1/b4d2e3 28 3 0
1x1/b4d2e3 29 3 0
1x1/9ba19d 30 3 0
1x1/b4d2e3 31 3 0
1x1/9ba19d 0 4 0
1x1/9ba19d 1 4 0
1x1/9ba19d 2 4 0
1x1/9ba19d 3 4 0
1x1/9ba19d 4 4 0
1x1/9ba19d 5 4 0
1x1/9ba19d 6 4 0
1x1/9ba19d 7 4 0
1x1/b4d2e3 8 4 0
1x1/b4d2e3 9 4 0
1x1/05131d 10 4 0
1x1/583927 11 4 0
1x1/05131d 12 4 0
1x1/05131d 13 4 0
1x1/583927 14 4 0
1x1/583927 15 4 0
1x1/583927 16 4 0
1x1/05131d 17 4 0
1x1/05131d 18 4 0
1x1/05131d 19 4 0
1x1/05131d 20 4 0
1x1/05131d 21 4 0
1x1/583927 22 4 0
1x1/b4d2e3 23 4 0
1x1/b4d2e3 24 4 0
1x1/b4d2e3 25 4 0
1x1/9ba19d 26 4 0
1x1/9ba19d 27 4 0
1x1/b4d2e3 28 4 0
1x1/9ba19d 29 4 0
1x1/b4d2e3 30 4 0
1x1/9ba19d 31 4 0
1x1/9ba19d 0 5 0
1x1/9ba19d 1 5 0
1x1/9ba19d 2 5 0
1x1/9ba19d 3 5 0
1x1/9ba19d 4 5 0
1x1/9ba19d 5 5 0
1x1/9ba19d 6 5 0
1x1/b4d2e3 7 5 0
1x1/05131d 8 5 0
1x1/237841 9 5 0
1x1/05131d 10 5 0
1x1/05131d 11 5 0
1x1/05131d 12 5 0
1x1/05131d 13 5 0
1x1/583927 14 5 0
1x1/583927 15 5 0
1x1/583927 16 5 0
1x1/583927 17 5 0
1x1/05131d 18 5 0
1x1/05131d 19 5 0
1x1/05131d 20 5 0
1x1/05131d 21 5 0
1x1/05131d 22 5 0
1x1/05131d 23 5 0
1x1/b4d2e3 24 5 0
1x1/b4d2e3 25 5 0
1x1/b4d2e3 26 5 0
1x1/b4d2e3 27 5 0
1x1/b4d2e3 28 5 0
1x1/9ba19d 29 5 0
1x1/b4d2e3 30 5 0
1x1/b4d2e3 31 5 0
1x1/9ba19d 0 6 0
1x1/9ba19d 1 6 0
1x1/9ba19d 2 6 0
1x1/9ba19d 3 6 0
1x1/9ba19d 4 6 0
1x1/9ba19d 5 6 0
1x1/9ba19d 6 6 0
1x1/05131d 7 6 0
1x1/05131d 8 6 0
1x1/237841 9 6 0
1x1/583927 10 6 0
1x1/583927 11 6 0
1x1/583927 12 6 0
1x1/6d6e5c 13 6 0
1x1/c870a0 14 6 0
1x1/c870a0 15 6 0
1x1/c870a0 16 6 0
1x1/c870a0 17 6 0
1x1/c870a0 18 6 0
1x1/6d6e5c 19 6 0
1x1/583927 20 6 0
1x1/05131d 21 6 0
1x1/05131d 22 6 0
1x1/05131d 23 6 0
1x1/05131d 24 6 0
1x1/b4d2e3 25 6 0
1x1/9ba19d 26 6 0
1x1/b4d2e3 27 6 0
1x1/9ba19d 28 6 0
1x1/9ba19d 29 6 0
1x1/b4d2e3 30 6 0
1x1/b4d2e3 31 6 0
1x1/9ba19d 0 7 0
1x1/9ba19d 1 7 0
1x1/9ba19d 2 7 0
1x1/9ba19d 3 7 0
1x1/9ba19d 4 7 0
1x1/9ba19d 5 7 0
1x1/583927 6 7 0
1x1/05131d 7 7 0
1x1/583927 8 7 0
1x1/583927 9 7 0
1x1/c870a0 10 7 0
1x1/c870a0 11 7 0
1x1/fc97ac 12 7 0
1x1/c870a0 13 7 0
1x1/c870a0 14 7 0
1x1/c870a0 15 7 0
1x1/c870a0 16 7 0
1x1/c870a0 17 7 0
1x1/c870a0 18 7 0
1x1/c870a0 19 7 0
1x1/c870a0 20 7 0
1x1/c870a0 21 7 0
1x1/6d6e5c 22 7 0
1x1/583927 23 7 0
1x1/05131d 24 7 0
1x1/05131d 25 7 0
1x1/b4d2e3 26 7 0
1x1/b4d2e3 27 7 0
1x1/b4d2e3 28 7 0
1x1/9ba19d 29 7 0
1x1/b4d2e3 30 7 0
1x1/b4d2e3 31 7 0
1x1/9ba19d 0 8 0
1x1/9ba19d 1 8 0
1x1/9ba19d 2 8 0
1x1/9ba19d 3 8 0
1x1/9ba19d 4 8 0
1x1/b4d2e3 5 8 0
1x1/05131d 6 8 0
1x1/583927 7 8 0
1x1/c870a0 8 8 0
1x1/fc97ac 9 8 0
1x1/fc97ac 10 8 0
1x1/fc97ac 11 8 0
1x1/fc97ac 12 8 0
1x1/fc97ac 13 8 0
1x1/c870a0 14 8 0
1x1/fc97ac 15 8 0
1x1/fc97ac 16 8 0
1x1/fc97ac 17 8 0
1x1/c870a0 18 8 0
1x1/c870a0 19 8 0
1x1/c870a0 20 8 0
1x1/c870a0 21 8 0
1x1/c870a0 22 8 0
1x1/c870a0 23 8 0
1x1/6d6e5c 24 8 0
1x1/05131d 25 8 0
1x1/05131d 26 8 0
1x1/9ba19d 27 8 0
1x1/9ba19d 28 8 0
1x1/b4d2e3 29 8 0
1x1/b4d2e3 30 8 0
1x1/b4d2e3 31 8 0
1x1/9ba19d 0 9 0
1x1/9ba19d 1 9 0
1x1/9ba19d 2 9 0
1x1/9ba19d 3 9 0
1x1/9ba19d 4 9 0
1x1/05131d 5 9 0
1x1/237841 6 9 0
1x1/9ba19d 7 9 0
1x1/c870a0 8 9 0
1x1/9ba19d 9 9 0
1x1/9ba19d 10 9 0
1x1/fc97ac 11 9 0
1x1/fc97ac 12 9 0
1x1/fc97ac 13 9 0
1x1/fc97ac 14 9 0
1x1/c870a0 15 9 0
1x1/fc97ac 16 9 0
1x1/fc97ac 17 9 0
1x1/c870a0 18 9 0
1x1/c870a0 19 9 0
1x1/c870a0 20 9 0
1x1/c870a0 21 9 0
1x1/c870a0 22 9 0
1x1/c870a0 23 9 0
1x1/c870a0 24 9 0
1x1/583927 25 9 0
1x1/05131d 26 9 0
1x1/c870a0 27 9 0
1x1/b4d2e3 28 9 0
1x1/b4d2e3 29 9 0
1x1/b4d2e3 30 9 0
1x1/b4d2e3 31 9 0
1x1/9ba19d 0 10 0
1x1/9ba19d 1 10 0
1x1/9ba19d 2 10 0
1x1/9ba19d 3 10 0
1x1/9ba19d 4 10 0
1x1/05131d 5 10 0
1x1/583927 6 10 0
1x1/c870a0 7 10 0
1x1/c870a0 8 10 0
1x1/9ba19d 9 10 0
1x1/fc97ac 10 10 0
1x1/9ba19d 11 10 0
1x1/fc97ac 12 10 0
1x1/fc97ac 13 10 0
1x1/9ba19d 14 10 0
1x1/fc97ac 15 10 0
1x1/fc97ac 16 10 0
1x1/fc97ac 17 10 0
1x1/c870a0 18 10 0
1x1/fc97ac 19 10 0
1x1/c870a0 20 10 0
1x1/c870a0 21 10 0
1x1/c870a0 22 10 0
1x1/c870a0 23 10 0
1x1/c870a0 24 10 0
1x1/6d6e5c 25 10 0
1x1/05131d 26 10 0
1x1/05131d 27 10 0
1x1/9ba19d 28 10 0
1x1/b4d2e3 29 10 0
1x1/b4d2e3 30 10 0
1x1/b4d2e3 31 10 0
1x1/9ba19d 0 11 0
1x1/9ba19d 1 11 0
1x1/9ba19d 2 11 0
1x1/9ba19d 3 11 0
1x1/c870a0 4 11 0
1x1/05131d 5 11 0
1x1/583927 6 11 0
1x1/c870a0 7 11 0
1x1/c870a0 8 11 0
1x1/c870a0 9 11 0
1x1/fc97ac 10 11 0
1x1/fc97ac 11 11 0
1x1/c870a0 12 11 0
1x1/c870a0 13 11 0
1x1/c870a0 14 11 0
1x1/fc97ac 15 11 0
1x1/fc97ac 16 11 0
1x1/c870a0 17 11 0
1x1/c870a0 18 11 0
1x1/c870a0 19 11 0
1x1/c870a0 20 11 0
1x1/c870a0 21 11 0
1x1/c870a0 22 11 0
1x1/c870a0 23 11 0
1x1/c870a0 24 11 0
1x1/c870a0 25 11 0
1x1/05131d 26 11 0
1x1/05131d 27 11 0
1x1/9ba19d 28 11 0
1x1/9ba19d 29 11 0
1x1/9ba19d 30 11 0
1x1/b4d2e3 31 11 0
1x1/9ba19d 0 12 0
1x1/9ba19d 1 12 0
1x1/9ba19d 2 12 0
1x1/9ba19d 3 12 0
1x1/05131d 4 12 0
1x1/05131d 5 12 0
1x1/6d6e5c 6 12 0
1x1/c870a0 7 12 0
1x1/c870a0 8 12 0
1x1/6d6e5c 9 12 0
1x1/583927 10 12 0
1x1/583927 11 12 0
1x1/583927 12 12 0
1x1/583927 13 12 0
1x1/6d6e5c 14 12 0
1x1/c870a0 15 12 0
1x1/c870a0 16 12 0
1x1/c870a0 17 12 0
1x1/6d6e5c 18 12 0
1x1/583927 19 12 0
1x1/583927 20 12 0
1x1/6d6e5c 21 12 0
1x1/583927 22 12 0
1x1/6d6e5c 23 12 0
1x1/c870a0 24 12 0
1x1/c870a0 25 12 0
1x1/237841 26 12 0
1x1/05131d 27 12 0
1x1/9ba19d 28 12 0
1x1/b4d2e3 29 12 0
1x1/9ba19d 30 12 0
1x1/b4d2e3 31 12 0
1x1/9ba19d 0 13 0
1x1/9ba19d 1 13 0
1x1/9ba19d 2 13 0
1x1/9ba19d 3 13 0
1x1/05131d 4 13 0
1x1/05131d 5 13 0
1x1/c870a0 6 13 0
1x1/c870a0 7 13 0
1x1/c870a0 8 13 0
1x1/6d6e5c 9 13 0
1x1/6d6e5c 10 13 0
1x1/6d6e5c 11 13 0
1x1/6d6e5c 12 13 0
1x1/6d6e5c 13 13 0
1x1/583927 14 13 0
1x1/c870a0 15 13 0
1x1/c870a0 16 13 0
1x1/c870a0 17 13 0
1x1/c870a0 18 13 0
1x1/583927 19 13 0
1x1/6d6e5c 20 13 0
1x1/9ba19d 21 13 0
1x1/583927 22 13 0
1x1/c870a0 23 13 0
1x1/c870a0 24 13 0
1x1/c870a0 25 13 0
1x1/583927 26 13 0
1x1/05131d 27 13 0
1x1/b4d2e3 28 13 0
1x1/b4d2e3 29 13 0
1x1/b4d2e3 30 13 0
1x1/b4d2e3 31 13 0
1x1/9ba19d 0 14 0
1x1/9ba19d 1 14 0
1x1/9ba19d 2 14 0
1x1/9ba19d 3 14 0
1x1/9ba19d 4 14 0
1x1/05131d 5 14 0
1x1/c870a0 6 14 0
1x1/9ba19d 7 14 0
1x1/c870a0 8 14 0
1x1/583927 9 14 0
1x1/583927 10 14 0
1x1/05131d 11 14 0
1x1/583927 12 14 0
1x1/583927 13 14 0
1x1/6d6e5c 14 14 0
1x1/c870a0 15 14 0
1x1/c870a0 16 14 0
1x1/c870a0 17 14 0
1x1/583927 18 14 0
1x1/583927 19 14 0
1x1/05131d 20 14 0
1x1/6d6e5c 21 14 0
1x1/6d6e5c 22 14 0
1x1/c870a0 23 14 0
1x1/c870a0 24 14 0
1x1/c870a0 25 14 0
1x1/583927 26 14 0
1x1/05131d 27 14 0
1x1/c870a0 28 14 0
1x1/9ba19d 29 14 0
1x1/b4d2e3 30 14 0
1x1/b4d2e3 31 14 0
1x1/9ba19d 0 15 0
1x1/9ba19d 1 15 0
1x1/9ba19d 2 15 0
1x1/9ba19d 3 15 0
1x1/583927 4 15 0
1x1/583927 5 15 0
1x1/c870a0 6 15 0
1x1/c870a0 7 15 0
1x1/9ba19d 8 15 0
1x1/c870a0 9 15 0
1x1/c870a0 10 15 0
1x1/c870a0 11 15 0
1x1/c870a0 12 15 0
1x1/c870a0 13 15 0
1x1/c870a0 14 15 0
1x1/c870a0 15 15 0
1x1/c870a0 16 15 0
1x1/c870a0 17 15 0
1x1/c870a0 18 15 0
1x1/c870a0 19 15 0
1x1/c870a0 20 15 0
1x1/c870a0 21 15 0
1x1/c870a0 22 15 0
1x1/c870a0 23 15 0
1x1/c870a0 24 15 0
1x1/c870a0 25 15 0
1x1/c870a0 26 15 0
1x1/583927 27 15 0
1x1/c870a0 28 15 0
1x1/9ba19d 29 15 0
1x1/b4d2e3 30 15 0
1x1/b4d2e3 31 15 0
1x1/9ba19d 0 16 0
1x1/9ba19d 1 16 0
1x1/9ba19d 2 16 0
1x1/05131d 3 16 0
1x1/583927 4 16 0
1x1/583927 5 16 0
1x1/c870a0 6 16 0
1x1/9ba19d 7 16 0
1x1/fc97ac 8 16 0
1x1/fc97ac 9 16 0
1x1/c870a0 10 16 0
1x1/c870a0 11 16 0
1x1/fc97ac 12 16 0
1x1/fc97ac 13 16 0
1x1/c870a0 14 16 0
1x1/c870a0 15 16 0
1x1/c870a0 16 16 0
1x1/c870a0 17 16 0
1x1/c870a0 18 16 0
1x1/fc97ac 19 16 0
1x1/c870a0 20 16 0
1x1/c870a0 21 16 0
1x1/c870a0 22 16 0
1x1/c870a0 23 16 0
1x1/c870a0 24 16 0
1x1/c870a0 25 16 0
1x1/6d6e5c 26 16 0
1x1/6d6e5c 27 16 0
1x1/9ba19d 28 16 0
1x1/9ba19d 29 16 0
1x1/b4d2e3 30 16 0
1x1/b4d2e3 31 16 0
1x1/9ba19d 0 17 0
1x1/9ba19d 1 17 0
1x1/9ba19d 2 17 0
1x1/9ba19d 3 17 0
1x1/583927 4 17 0
1x1/583927 5 17 0
1x1/c870a0 6 17 0
1x1/c870a0 7 17 0
1x1/c870a0 8 17 0
1x1/c870a0 9 17 0
1x1/c870a0 10 17 0
1x1/fc97ac 11 17 0
1x1/fc97ac 12 17 0
1x1/c870a0 13 17 0
1x1/c870a0 14 17 0
1x1/c870a0 15 17 0
1x1/c870a0 16 17 0
1x1/c870a0 17 17 0
1x1/c870a0 18 17 0
1x1/c870a0 19 17 0
1x1/c870a0 20 17 0
1x1/c870a0 21 17 0
1x1/c870a0 22 17 0
1x1/c870a0 23 17 0
1x1/c870a0 24 17 0
1x1/c870a0 25 17 0
1x1/583927 26 17 0
1x1/c870a0 27 17 0
1x1/9ba19d 28 17 0
1x1/9ba19d 29 17 0
1x1/b4d2e3 30 17 0
1x1/b4d2e3 31 17 0
1x1/9ba19d 0 18 0
1x1/9ba19d 1 18 0
1x1/9ba19d 2 18 0
1x1/9ba19d 3 18 0
1x1/9ba19d 4 18 0
1x1/583927 5 18 0
1x1/6d6e5c 6 18 0
1x1/c870a0 7 18 0
1x1/c870a0 8 18 0
1x1/c870a0 9 18 0
1x1/c870a0 10 18 0
1x1/c870a0 11 18 0
1x1/c870a0 12 18 0
1x1/c870a0 13 18 0
1x1/583927 14 18 0
1x1/583927 15 18 0
1x1/6d6e5c 16 18 0
1x1/6d6e5c 17 18 0
1x1/583927 18 18 0
1x1/c870a0 19 18 0
1x1/c870a0 20 18 0
1x1/c870a0 21 18 0
1x1/c870a0 22 18 0
1x1/c870a0 23 18 0
1x1/c870a0 24 18 0
1x1/c870a0 25 18 0
1x1/9ba19d 26 18 0
1x1/b4d2e3 27 18 0
1x1/b4d2e3 28 18 0
1x1/b4d2e3 29 18 0
1x1/b4d2e3 30 18 0
1x1/9ba19d 31 18 0
1x1/9ba19d 0 19 0
1x1/9ba19d 1 19 0
1x1/9ba19d 2 19 0
1x1/9ba19d 3 19 0
1x1/9ba19d 4 19 0
1x1/9ba19d 5 19 0
1x1/6d6e5c 6 19 0
1x1/c870a0 7 19 0
1x1/c870a0 8 19 0
1x1/c870a0 9 19 0
1x1/c870a0 10 19 0
1x1/c870a0 11 19 0
1x1/c870a0 12 19 0
1x1/c870a0 13 19 0
1x1/c870a0 14 19 0
1x1/c870a0 15 19 0
1x1/c870a0 16 19 0
1x1/c870a0 17 19 0
1x1/c870a0 18 19 0
1x1/c870a0 19 19 0
1x1/c870a0 20 19 0
1x1/c870a0 21 19 0
1x1/c870a0 22 19 0
1x1/c870a0 23 19 0
1x1/c870a0 24 19 0
1x1/c870a0 25 19 0
1x1/9ba19d 26 19 0
1x1/b4d2e3 27 19 0
1x1/9ba19d 28 19 0
1x1/b4d2e3 29 19 0
1x1/b4d2e3 30 19 0
1x1/b4d2e3 31 19 0
1x1/9ba19d 0 20 0
1x1/9ba19d 1 20 0
1x1/9ba19d 2 20 0
1x1/9ba19d 3 20 0
1x1/9ba19d 4 20 0
1x1/9ba19d 5 20 0
1x1/b4d2e3 6 20 0
1x1/c870a0 7 20 0
1x1/c870a0 8 20 0
1x1/c870a0 9 20 0
1x1/c870a0 10 20 0
1x1/c870a0 11 20 0
1x1/c870a0 12 20 0
1x1/c870a0 13 20 0
1x1/c870a0 14 20 0
1x1/6d6e5c 15 20 0
1x1/c870a0 16 20 0
1x1/c870a0 17 20 0
1x1/c870a0 18 20 0
1x1/c870a0 19 20 0
1x1/c870a0 20 20 0
1x1/c870a0 21 20 0
1x1/c870a0 22 20 0
1x1/c870a0 23 20 0
1x1/c870a0 24 20 0
1x1/c870a0 25 20 0
1x1/b4d2e3 26 20 0
1x1/9ba19d 27 20 0
1x1/9ba19d 28 20 0
1x1/b4d2e3 29 20 0
1x1/9ba19d 30 20 0
1x1/b4d2e3 31 20 0
1x1/9ba19d 0 21 0
1x1/9ba19d 1 21 0
1x1/9ba19d 2 21 0
1x1/9ba19d 3 21 0
1x1/9ba19d 4 21 0
1x1/9ba19d 5 21 0
1x1/9ba19d 6 21 0
1x1/9ba19d 7 21 0
1x1/c870a0 8 21 0
1x1/c870a0 9 21 0
1x1/c870a0 10 21 0
1x1/c870a0 11 21 0
1x1/6d6e5c 12 21 0
1x1/6d6e5c 13 21 0
1x1/6d6e5c 14 21 0
1x1/6d6e5c 15 21 0
1x1/c870a0 16 21 0
1x1/c870a0 17 21 0
1x1/c870a0 18 21 0
1x1/c870a0 19 21 0
1x1/c870a0 20 21 0
1x1/c870a0 21 21 0
1x1/c870a0 22 21 0
1x1/c870a0 23 21 0
1x1/c870a0 24 21 0
1x1/b4d2e3 25 21 0
1x1/9ba19d 26 21 0
1x1/9ba19d 27 21 0
1x1/9ba19d 28 21 0
1x1/b4d2e3 29 21 0
1x1/b4d2e3 30 21 0
1x1/b4d2e3 31 21 0
1x1/9ba19d 0 22 0
1x1/9ba19d 1 22 0
1x1/9ba19d 2 22 0
1x1/9ba19d 3 22 0
1x1/9ba19d 4 22 0
1x1/9ba19d 5 22 0
1x1/9ba19d 6 22 0
1x1/9ba19d 7 22 0
1x1/c870a0 8 22 0
1x1/c870a0 9 22 0
1x1/c870a0 10 22 0
1x1/c870a0 11 22 0
1x1/c870a0 12 22 0
1x1/c870a0 13 22 0
1x1/c870a0 14 22 0
1x1/6d6e5c 15 22 0
1x1/6d6e5c 16 22 0
1x1/6d6e5c 17 22 0
1x1/c870a0 18 22 0
1x1/c870a0 19 22 0
1x1/c870a0 20 22 0
1x1/c870a0 21 22 0
1x1/c870a0 22 22 0
1x1/c870a0 23 22 0
1x1/9ba19d 24 22 0
1x1/9ba19d 25 22 0
1x1/b4d2e3 26 22 0
1x1/b4d2e3 27 22 0
1x1/9ba19d 28 22 0
1x1/b4d2e3 29 22 0
1x1/b4d2e3 30 22 0
1x1/b4d2e3 31 22 0
1x1/9ba19d 0 23 0
1x1/9ba19d 1 23 0
1x1/9ba19d 2 23 0
1x1/9ba19d 3 23 0
1x1/9ba19d 4 23 0
1x1/9ba19d 5 23 0
1x1/9ba19d 6 23 0
1x1/05131d 7 23 0
1x1/583927 8 23 0
1x1/6d6e5c 9 23 0
1x1/6d6e5c 10 23 0
1x1/6d6e5c 11 23 0
1x1/c870a0 12 23 0
1x1/c870a0 13 23 0
1x1/c870a0 14 23 0
1x1/c870a0 15 23 0
1x1/c870a0 16 23 0
1x1/c870a0 17 23 0
1x1/c870a0 18 23 0
1x1/c870a0 19 23 0
1x1/c870a0 20 23 0
1x1/c870a0 21 23 0
1x1/c870a0 22 23 0
1x1/c870a0 23 23 0
1x1/b4d2e3 24 23 0
1x1/b4d2e3 25 23 0
1x1/9ba19d 26 23 0
1x1/b4d2e3 27 23 0
1x1/b4d2e3 28 23 0
1x1/b4d2e3 29 23 0
1x1/b4d2e3 30 23 0
1x1/b4d2e3 31 23 0
1x1/9ba19d 0 24 0
1x1/9ba19d 1 24 0
1x1/9ba19d 2 24 0
1x1/9ba19d 3 24 0
1x1/9ba19d 4 24 0
1x1/6d6e5c 5 24 0
1x1/05131d 6 24 0
1x1/583927 7 24 0
1x1/583927 8 24 0
1x1/c870a0 9 24 0
1x1/6d6e5c 10 24 0
1x1/6d6e5c 11 24 0
1x1/6d6e5c 12 24 0
1x1/c870a0 13 24 0
1x1/c870a0 14 24 0
1x1/c870a0 15 24 0
1x1/c870a0 16 24 0
1x1/c870a0 17 24 0
1x1/c870a0 18 24 0
1x1/c870a0 19 24 0
1x1/c870a0 20 24 0
1x1/6d6e5c 21 24 0
1x1/6d6e5c 22 24 0
1x1/9ba19d 23 24 0
1x1/b4d2e3 24 24 0
1x1/b4d2e3 25 24 0
1x1/b4d2e3 26 24 0
1x1/b4d2e3 27 24 0
1x1/b4d2e3 28 24 0
1x1/b4d2e3 29 24 0
1x1/b4d2e3 30 24 0
1x1/b4d2e3 31 24 0
1x1/9ba19d 0 25 0
1x1/9ba19d 1 25 0
1x1/9ba19d 2 25 0
1x1/9ba19d 3 25 0
1x1/c870a0 4 25 0
1x1/237841 5 25 0
1x1/237841 6 25 0
1x1/c870a0 7 25 0
1x1/583927 8 25 0
1x1/c870a0 9 25 0
1x1/6d6e5c 10 25 0
1x1/6d6e5c 11 25 0
1x1/6d6e5c 12 25 0
1x1/6d6e5c 13 25 0
1x1/6d6e5c 14 25 0
1x1/c870a0 15 25 0
1x1/c870a0 16 25 0
1x1/c870a0 17 25 0
1x1/c870a0 18 25 0
1x1/6d6e5c 19 25 0
1x1/6d6e5c 20 25 0
1x1/6d6e5c 21 25 0
1x1/c870a0 22 25 0
1x1/c870a0 23 25 0
1x1/9ba19d 24 25 0
1x1/b4d2e3 25 25 0
1x1/b4d2e3 26 25 0
1x1/b4d2e3 27 25 0
1x1/b4d2e3 28 25 0
1x1/b4d2e3 29 25 0
1x1/b4d2e3 30 25 0
1x1/c870a0 31 25 0
1x1/9ba19d 0 26 0
1x1/9ba19d 1 26 0
1x1/9ba19d 2 26 0
1x1/583927 3 26 0
1x1/c870a0 4 26 0
1x1/9ba19d 5 26 0
1x1/9ba19d 6 26 0
1x1/c870a0 7 26 0
1x1/583927 8 26 0
1x1/c870a0 9 26 0
1x1/c870a0 10 26 0
1x1/c870a0 11 26 0
1x1/6d6e5c 12 26 0
1x1/6d6e5c 13 26 0
1x1/583927 14 26 0
1x1/6d6e5c 15 26 0
1x1/6d6e5c 16 26 0
1x1/6d6e5c 17 26 0
1x1/6d6e5c 18 26 0
1x1/6d6e5c 19 26 0
1x1/c870a0 20 26 0
1x1/c870a0 21 26 0
1x1/c870a0 22 26 0
1x1/c870a0 23 26 0
1x1/6d6e5c 24 26 0
1x1/583927 25 26 0
1x1/6d6e5c 26 26 0
1x1/583927 27 26 0
1x1/583927 28 26 0
1x1/c870a0 29 26 0
1x1/c870a0 30 26 0
1x1/c870a0 31 26 0
1x1/c870a0 0 27 0
1x1/9ba19d 1 27 0
1x1/b4d2e3 2 27 0
1x1/b4d2e3 3 27 0
1x1/9ba19d 4 27 0
1x1/fc97ac 5 27 0
1x1/c870a0 6 27 0
1x1/c870a0 7 27 0
1x1/583927 8 27 0
1x1/c870a0 9 27 0
1x1/9ba19d 10 27 0
1x1/6d6e5c 11 27 0
1x1/6d6e5c 12 27 0
1x1/6d6e5c 13 27 0
1x1/583927 14 27 0
1x1/6d6e5c 15 27 0
1x1/6d6e5c 16 27 0
1x1/6d6e5c 17 27 0
1x1/6d6e5c 18 27 0
1x1/9ba19d 19 27 0
1x1/9ba19d 20 27 0
1x1/c870a0 21 27 0
1x1/c870a0 22 27 0
1x1/c870a0 23 27 0
1x1/6d6e5c 24 27 0
1x1/c870a0 25 27 0
1x1/9ba19d 26 27 0
1x1/6d6e5c 27 27 0
1x1/c870a0 28 27 0
1x1/c870a0 29 27 0
1x1/c870a0 30 27 0
1x1/c870a0 31 27 0
1x1/9ba19d 0 28 0
1x1/b4d2e3 1 28 0
1x1/fc97ac 2 28 0
1x1/c870a0 3 28 0
1x1/9ba19d 4 28 0
1x1/9ba19d 5 28 0
1x1/9ba19d 6 28 0
1x1/9ba19d 7 28 0
1x1/9ba19d 8 28 0
1x1/583927 9 28 0
1x1/6d6e5c 10 28 0
1x1/6d6e5c 11 28 0
1x1/6d6e5c 12 28 0
1x1/6d6e5c 13 28 0
1x1/6d6e5c 14 28 0
1x1/6d6e5c 15 28 0
1x1/6d6e5c 16 28 0
1x1/6d6e5c 17 28 0
1x1/9ba19d 18 28 0
1x1/9ba19d 19 28 0
1x1/c870a0 20 28 0
1x1/c870a0 21 28 0
1x1/c870a0 22 28 0
1x1/9ba19d 23 28 0
1x1/6d6e5c 24 28 0
1x1/6d6e5c 25 28 0
1x1/c870a0 26 28 0
1x1/c870a0 27 28 0
1x1/c870a0 28 28 0
1x1/c870a0 29 28 0
1x1/c870a0 30 28 0
1x1/c870a0 31 28 0
1x1/c870a0 0 29 0
1x1/583927 1 29 0
1x1/583927 2 29 0
1x1/05131d 3 29 0
1x1/583927 4 29 0
1x1/c870a0 5 29 0
1x1/c870a0 6 29 0
1x1/c870a0 7 29 0
1x1/c870a0 8 29 0
1x1/c870a0 9 29 0
1x1/c870a0 10 29 0
1x1/c870a0 11 29 0
1x1/583927 12 29 0
1x1/583927 13 29 0
1x1/6d6e5c 14 29 0
1x1/6d6e5c 15 29 0
1x1/6d6e5c 16 29 0
1x1/9ba19d 17 29 0
1x1/9ba19d 18 29 0
1x1/c870a0 19 29 0
1x1/c870a0 20 29 0
1x1/c870a0 21 29 0
1x1/6d6e5c 22 29 0
1x1/c870a0 23 29 0
1x1/c870a0 24 29 0
1x1/c870a0 25 29 0
1x1/c870a0 26 29 0
1x1/c870a0 27 29 0
1x1/c870a0 28 29 0
1x1/c870a0 29 29 0
1x1/c870a0 30 29 0
1x1/c870a0 31 29 0
1x1/c870a0 0 30 0
1x1/c870a0 1 30 0
1x1/c870a0 2 30 0
1x1/c870a0 3 30 0
1x1/c870a0 4 30 0
1x1/583927 5 30 0
1x1/583927 6 30 0
1x1/6d6e5c 7 30 0
1x1/c870a0 8 30 0
1x1/c870a0 9 30 0
1x1/9ba19d 10 30 0
1x1/c870a0 11 30 0
1x1/c870a0 12 30 0
1x1/c870a0 13 30 0
1x1/583927 14 30 0
1x1/583927 15 30 0
1x1/6d6e5c 16 30 0
1x1/6d6e5c 17 30 0
1x1/6d6e5c 18 30 0
1x1/583927 19 30 0
1x1/c870a0 20 30 0
1x1/c870a0 21 30 0
1x1/c870a0 22 30 0
1x1/c870a0 23 30 0
1x1/c870a0 24 30 0
1x1/c870a0 25 30 0
1x1/c870a0 26 30 0
1x1/c870a0 27 30 0
1x1/c870a0 28 30 0
1x1/c870a0 29 30 0
1x1/c870a0 30 30 0
1x1/6d6e5c 31 30 0
1x1/c870a0 0 31 0
1x1/c870a0 1 31 0
1x1/c870a0 2 31 0
1x1/9ba19d 3 31 0
1x1/c870a0 4 31 0
1x1/c870a0 5 31 0
1x1/c870a0 6 31 0
1x1/583927 7 31 0
1x1/583927 8 31 0
1x1/6d6e5c 9 31 0
1x1/583927 10 31 0
1x1/c870a0 11 31 0
1x1/6d6e5c 12 31 0
1x1/c870a0 13 31 0
1x1/c870a0 14 31 0
1x1/c870a0 15 31 0
1x1/c870a0 16 31 0
1x1/c870a0 17 31 0
1x1/c870a0 18 31 0
1x1/c870a0 19 31 0
1x1/c870a0 20 31 0
1x1/c870a0 21 31 0
1x1/c870a0 22 31 0
1x1/c870a0 23 31 0
1x1/c870a0 24 31 0
1x1/c870a0 25 31 0
1x1/c870a0 26 31 0
1x1/c870a0 27 31 0
1x1/c870a0 28 31 0
1x1/9ba19d 29 31 0
1x1/05131d 30 31 0
1x1/c870a0 31 31 0
