1024 10240 0 0
1x1/e6e3da 0 0 0
1x1/e6e3da 1 0 0
1x1/d4d5c9 2 0 0
1x1/d4d5c9 3 0 0
1x1/d4d5c9 4 0 0
1x1/d4d5c9 5 0 0
1x1/d4d5c9 6 0 0
1x1/cdc298 7 0 0
1x1/cdc298 8 0 0
1x1/cdc298 9 0 0
1x1/cdc298 10 0 0
1x1/cdc298 11 0 0
1x1/cdc298 12 0 0
1x1/cdc298 13 0 0
1x1/b4a774 14 0 0
1x1/cdc298 15 0 0
1x1/b4a774 16 0 0
1x1/b4a774 17 0 0
1x1/958a73 18 0 0
1x1/755945 19 0 0
1x1/5e3f33 20 0 0
1x1/583927 21 0 0
1x1/583927 22 0 0
1x1/582a12 23 0 0
1x1/582a12 24 0 0
1x1/583927 25 0 0
1x1/582a12 26 0 0
1x1/583927 27 0 0
1x1/583927 28 0 0
1x1/764d3b 29 0 0
1x1/764d3b 30 0 0
1x1/907450 31 0 0
1x1/bdc6ad 0 1 0
1x1/bdc6ad 1 1 0
1x1/bdc6ad 2 1 0
1x1/bdc6ad 3 1 0
1x1/d4d5c9 4 1 0
1x1/bdc6ad 5 1 0
1x1/bdc6ad 6 1 0
1x1/bdc6ad 7 1 0
1x1/d4d5c9 8 1 0
1x1/d4d5c9 9 1 0
1x1/d4d5c9 10 1 0
1x1/d4d5c9 11 1 0
1x1/d4d5c9 12 1 0
1x1/d4d5c9 12 2 0
1x1/d4d5c9 13 1 0
1x1/d4d5c9 14 1 0
1x1/d4d5c9 15 1 0
1x1/d4d5c9 16 1 0
1x1/d4d5c9 17 1 0
1x1/d4d5c9 18 1 0
1x1/d4d5c9 19 1 0
1x1/d4d5c9 20 1 0
1x1/dec69c 21 1 0
1x1/d4d5c9 22 1 0
1x1/dec69c 23 1 0
1x1/dec69c 24 1 0
1x1/dec69c 25 1 0
1x1/dec69c 26 1 0
1x1/dec69c 27 1 0
1x1/dec69c 28 1 0
1x1/d4d5c9 29 1 0
1x1/dec69c 30 1 0
1x1/d4d5c9 31 1 0
1x1/bdc6ad 0 2 0
1x1/bdc6ad 1 2 0
1x1/bdc6ad 2 2 0
1x1/bdc6ad 3 2 0
1x1/bdc6ad 4 2 0
1x1/bdc6ad 5 2 0
1x1/bdc6ad 6 2 0
1x1/d4d5c9 7 2 0
1x1/d4d5c9 8 2 0
1x1/bdc6ad 9 2 0
1x1/d4d5c9 10 2 0
1x1/d4d5c9 11 2 0
1x1/d4d5c9 13 2 0
1x1/d4d5c9 14 2 0
1x1/d4d5c9 15 2 0
1x1/d4d5c9 16 2 0
1x1/d4d5c9 17 2 0
1x1/d4d5c9 18 2 0
1x1/d4d5c9 19 2 0
1x1/d4d5c9 20 2 0
1x1/d4d5c9 21 2 0
1x1/d4d5c9 22 2 0
1x1/d4d5c9 23 2 0
1x1/dec69c 24 2 0
1x1/dec69c 25 2 0
1x1/dec69c 26 2 0
1x1/dec69c 27 2 0
1x1/dec69c 28 2 0
1x1/dec69c 29 2 0
1x1/d4d5c9 30 2 0
1x1/dec69c 31 2 0
1x1/bdc6ad 0 3 0
1x1/bdc6ad 1 3 0
1x1/bdc6ad 2 3 0
1x1/bdc6ad 3 3 0
1x1/bdc6ad 4 3 0
1x1/d4d5c9 5 3 0
1x1/bdc6ad 6 3 0
1x1/d4d5c9 7 3 0
1x1/d4d5c9 8 3 0
1x1/d4d5c9 9 3 0
1x1/bdc6ad 10 3 0
1x1/d4d5c9 11 3 0
1x1/d4d5c9 12 3 0
1x1/3e3c39 13 3 0
1x1/645a4c 14 3 0
1x1/645a4c 15 3 0
1x1/3e3c39 16 3 0
1x1/3e3c39 17 3 0
1x1/898788 18 3 0
1x1/abadac 19 3 0
1x1/d4d5c9 20 3 0
1x1/d4d5c9 21 3 0
1x1/d4d5c9 22 3 0
1x1/d4d5c9 23 3 0
1x1/d4d5c9 24 3 0
1x1/d4d5c9 25 3 0
1x1/bdc6ad 26 3 0
1x1/d4d5c9 27 3 0
1x1/dec69c 28 3 0
1x1/bdc6ad 29 3 0
1x1/dec69c 30 3 0
1x1/d4d5c9 31 3 0
1x1/bdc6ad 0 4 0
1x1/bdc6ad 1 4 0
1x1/bdc6ad 2 4 0
1x1/bdc6ad 3 4 0
1x1/bdc6ad 4 4 0
1x1/bdc6ad 5 4 0
1x1/bdc6ad 6 4 0
1x1/bdc6ad 7 4 0
1x1/d4d5c9 8 4 0
1x1/d4d5c9 9 4 0
1x1/3e3c39 10 4 0
1x1/3e3c39 11 4 0
1x1/3e3c39 12 4 0
1x1/3e3c39 13 4 0
1x1/57392c 14 4 0
1x1/645a4c 15 4 0
1x1/57392c 16 4 0
1x1/3e3c39 17 4 0
1x1/3e3c39 18 4 0
1x1/352100 19 4 0
1x1/3e3c39 20 4 0
1x1/3e3c39 21 4 0
1x1/3e3c39 22 4 0
1x1/d4d5c9 23 4 0
1x1/d4d5c9 24 4 0
1x1/d4d5c9 25 4 0
1x1/bdc6ad 26 4 0
1x1/bdc6ad 27 4 0
1x1/d4d5c9 28 4 0
1x1/bdc6ad 29 4 0
1x1/bdc6ad 30 4 0
1x1/bdc6ad 31 4 0
1x1/bdc6ad 0 5 0
1x1/bdc6ad 1 5 0
1x1/bdc6ad 2 5 0
1x1/bdc6ad 3 5 0
1x1/bdc6ad 4 5 0
1x1/bdc6ad 5 5 0
1x1/bdc6ad 6 5 0
1x1/d4d5c9 7 5 0
1x1/3e3c39 8 5 0
1x1/3e3c39 9 5 0
1x1/3e3c39 10 5 0
1x1/1b2a34 11 5 0
1x1/3e3c39 12 5 0
1x1/3e3c39 13 5 0
1x1/57392c 14 5 0
1x1/5c5030 15 5 0
1x1/5c5030 16 5 0
1x1/57392c 17 5 0
1x1/3e3c39 18 5 0
1x1/1b2a34 19 5 0
1x1/1b2a34 20 5 0
1x1/3e3c39 21 5 0
1x1/3e3c39 22 5 0
1x1/3e3c39 23 5 0
1x1/3e3c39 23 6 0
1x1/d4d5c9 24 5 0
1x1/d4d5c9 25 5 0
1x1/d4d5c9 26 5 0
1x1/d4d5c9 27 5 0
1x1/d4d5c9 28 5 0
1x1/bdc6ad 29 5 0
1x1/d4d5c9 30 5 0
1x1/d4d5c9 31 5 0
1x1/bdc6ad 0 6 0
1x1/bdc6ad 1 6 0
1x1/bdc6ad 2 6 0
1x1/bdc6ad 3 6 0
1x1/bdc6ad 4 6 0
1x1/bdc6ad 4 7 0
1x1/bdc6ad 5 6 0
1x1/bdc6ad 5 7 0
1x1/bdc6ad 6 6 0
1x1/3e3c39 7 6 0
1x1/1b2a34 8 6 0
1x1/57392c 9 6 0
1x1/3e3c39 10 6 0
1x1/57392c 11 6 0
1x1/5e3f33 12 6 0
1x1/907450 13 6 0
1x1/ae7a59 14 6 0
1x1/d09168 15 6 0
1x1/d09168 16 6 0
1x1/cca373 17 6 0
1x1/bd7d85 18 6 0
1x1/907450 19 6 0
1x1/5c5030 20 6 0
1x1/352100 21 6 0
1x1/3e3c39 22 6 0
1x1/3e3c39 24 6 0
1x1/d4d5c9 25 6 0
1x1/bdc6ad 26 6 0
1x1/d4d5c9 27 6 0
1x1/bdc6ad 28 6 0
1x1/bdc6ad 29 6 0
1x1/d4d5c9 30 6 0
1x1/d4d5c9 30 7 0
1x1/d4d5c9 31 6 0
1x1/bdc6ad 0 7 0
1x1/bdc6ad 1 7 0
1x1/bdc6ad 2 7 0
1x1/bdc6ad 3 7 0
1x1/635f52 6 7 0
1x1/3e3c39 7 7 0
1x1/57392c 8 7 0
1x1/764d3b 9 7 0
1x1/dec69c 10 7 0
1x1/dcbc81 11 7 0
1x1/dec69c 12 7 0
1x1/dcbc81 13 7 0
1x1/dcbc81 14 7 0
1x1/dcbc81 15 7 0
1x1/dcbc81 16 7 0
1x1/dcbc81 17 7 0
1x1/cca373 18 7 0
1x1/cca373 19 7 0
1x1/cca373 20 7 0
1x1/cca373 21 7 0
1x1/907450 22 7 0
1x1/5e3f33 23 7 0
1x1/1b2a34 24 7 0
1x1/3e3c39 25 7 0
1x1/d4d5c9 26 7 0
1x1/d4d5c9 27 7 0
1x1/d4d5c9 28 7 0
1x1/bdc6ad 29 7 0
1x1/d4d5c9 31 7 0
1x1/bdc6ad 0 8 0
1x1/bdc6ad 1 8 0
1x1/bdc6ad 2 8 0
1x1/bdc6ad 3 8 0
1x1/bdc6ad 4 8 0
1x1/d4d5c9 5 8 0
1x1/3e3c39 6 8 0
1x1/57392c 7 8 0
1x1/cca373 8 8 0
1x1/dec69c 9 8 0
1x1/dec69c 10 8 0
1x1/dec69c 11 8 0
1x1/dec69c 12 8 0
1x1/dec69c 13 8 0
1x1/dcbc81 14 8 0
1x1/dec69c 15 8 0
1x1/dec69c 16 8 0
1x1/dec69c 17 8 0
1x1/dcbc81 18 8 0
1x1/dcbc81 19 8 0
1x1/dcbc81 20 8 0
1x1/dcbc81 21 8 0
1x1/cca373 22 8 0
1x1/cca373 23 8 0
1x1/907450 24 8 0
1x1/3e3c39 25 8 0
1x1/3e3c39 26 8 0
1x1/bdc6ad 27 8 0
1x1/bdc6ad 28 8 0
1x1/d4d5c9 29 8 0
1x1/d4d5c9 30 8 0
1x1/d4d5c9 31 8 0
1x1/bdc6ad 0 9 0
1x1/bdc6ad 1 9 0
1x1/bdc6ad 2 9 0
1x1/bdc6ad 3 9 0
1x1/bdc6ad 4 9 0
1x1/1b2a34 5 9 0
1x1/1b2a34 5 10 0
1x1/5c5030 6 9 0
1x1/958a73 7 9 0
1x1/dcbc81 8 9 0
1x1/dec69c 9 9 0
1x1/dec69c 10 9 0
1x1/dec69c 11 9 0
1x1/dec69c 12 9 0
1x1/dec69c 13 9 0
1x1/dec69c 14 9 0
1x1/dec69c 15 9 0
1x1/dec69c 16 9 0
1x1/dec69c 17 9 0
1x1/dcbc81 18 9 0
1x1/dcbc81 18 10 0
1x1/dcbc81 19 9 0
1x1/dcbc81 20 9 0
1x1/dcbc81 21 9 0
1x1/dcbc81 22 9 0
1x1/dcbc81 23 9 0
1x1/b4a774 24 9 0
1x1/645a4c 25 9 0
1x1/352100 26 9 0
1x1/abadac 27 9 0
1x1/d4d5c9 28 9 0
1x1/d4d5c9 29 9 0
1x1/d4d5c9 30 9 0
1x1/d4d5c9 31 9 0
1x1/bdc6ad 0 10 0
1x1/bdc6ad 1 10 0
1x1/bdc6ad 2 10 0
1x1/bdc6ad 3 10 0
1x1/bdc6ad 4 10 0
1x1/5e3f33 6 10 0
1x1/958a73 7 10 0
1x1/dcbc81 8 10 0
1x1/dec69c 9 10 0
1x1/dec69c 10 10 0
1x1/dec69c 11 10 0
1x1/dec69c 12 10 0
1x1/dec69c 13 10 0
1x1/dec69c 14 10 0
1x1/dec69c 15 10 0
1x1/dec69c 16 10 0
1x1/dec69c 17 10 0
1x1/dec69c 19 10 0
1x1/dcbc81 20 10 0
1x1/dcbc81 21 10 0
1x1/dcbc81 22 10 0
1x1/dcbc81 23 10 0
1x1/cca373 24 10 0
1x1/755945 25 10 0
1x1/3e3c39 26 10 0
1x1/3e3c39 27 10 0
1x1/bdc6ad 28 10 0
1x1/d4d5c9 29 10 0
1x1/d4d5c9 30 10 0
1x1/d4d5c9 31 10 0
1x1/d4d5c9 31 11 0
1x1/bdc6ad 0 11 0
1x1/bdc6ad 1 11 0
1x1/bdc6ad 2 11 0
1x1/bdc6ad 3 11 0
1x1/abadac 4 11 0
1x1/1b2a34 5 11 0
1x1/645a4c 6 11 0
1x1/cca373 7 11 0
1x1/cca373 8 11 0
1x1/dec69c 9 11 0
1x1/dec69c 10 11 0
1x1/dec69c 11 11 0
1x1/dcbc81 12 11 0
1x1/dcbc81 13 11 0
1x1/dcbc81 14 11 0
1x1/dec69c 15 11 0
1x1/dec69c 16 11 0
1x1/dec69c 17 11 0
1x1/dcbc81 18 11 0
1x1/cca373 19 11 0
1x1/cca373 20 11 0
1x1/cca373 21 11 0
1x1/dcbc81 22 11 0
1x1/dcbc81 23 11 0
1x1/cca373 24 11 0
1x1/b4a774 25 11 0
1x1/3e3c39 26 11 0
1x1/1b2a34 27 11 0
1x1/bdc6ad 28 11 0
1x1/bdc6ad 29 11 0
1x1/bdc6ad 30 11 0
1x1/bdc6ad 0 12 0
1x1/bdc6ad 1 12 0
1x1/bdc6ad 2 12 0
1x1/bdc6ad 3 12 0
1x1/0a1327 4 12 0
1x1/3e3c39 5 12 0
1x1/907450 6 12 0
1x1/cca373 7 12 0
1x1/cca373 8 12 0
1x1/907450 9 12 0
1x1/5c5030 10 12 0
1x1/57392c 11 12 0
1x1/583927 12 12 0
1x1/57392c 13 12 0
1x1/907450 14 12 0
1x1/cca373 15 12 0
1x1/dcbc81 16 12 0
1x1/cca373 17 12 0
1x1/907450 18 12 0
1x1/764d3b 19 12 0
1x1/764d3b 20 12 0
1x1/907450 21 12 0
1x1/755945 22 12 0
1x1/907450 23 12 0
1x1/cca373 24 12 0
1x1/b4a774 25 12 0
1x1/5e3f33 26 12 0
1x1/1b2a34 27 12 0
1x1/bdc6ad 28 12 0
1x1/d4d5c9 29 12 0
1x1/bdc6ad 30 12 0
1x1/d4d5c9 31 12 0
1x1/bdc6ad 0 13 0
1x1/bdc6ad 0 14 0
1x1/bdc6ad 1 13 0
1x1/bdc6ad 2 13 0
1x1/bdc6ad 3 13 0
1x1/bdc6ad 3 14 0
1x1/352100 4 13 0
1x1/352100 5 13 0
1x1/b4a774 6 13 0
1x1/cca373 7 13 0
1x1/cca373 8 13 0
1x1/aa7d55 9 13 0
1x1/907450 10 13 0
1x1/907450 11 13 0
1x1/907450 12 13 0
1x1/ae7a59 13 13 0
1x1/764d3b 14 13 0
1x1/dcbc81 15 13 0
1x1/dcbc81 16 13 0
1x1/cca373 17 13 0
1x1/ae7a59 18 13 0
1x1/764d3b 19 13 0
1x1/6d6e5c 20 13 0
1x1/958a73 21 13 0
1x1/755945 22 13 0
1x1/b48455 23 13 0
1x1/cca373 24 13 0
1x1/cca373 25 13 0
1x1/57392c 26 13 0
1x1/352100 27 13 0
1x1/d4d5c9 28 13 0
1x1/d4d5c9 29 13 0
1x1/d4d5c9 30 13 0
1x1/d4d5c9 31 13 0
1x1/bdc6ad 1 14 0
1x1/bdc6ad 2 14 0
1x1/bdc6ad 4 14 0
1x1/3e3c39 5 14 0
1x1/cdc298 6 14 0
1x1/dec69c 7 14 0
1x1/bd7d85 8 14 0
1x1/764d3b 9 14 0
1x1/5c5030 10 14 0
1x1/1b2a34 11 14 0
1x1/5e3f33 12 14 0
1x1/755945 13 14 0
1x1/907450 14 14 0
1x1/cca373 15 14 0
1x1/dec69c 16 14 0
1x1/d09168 17 14 0
1x1/764d3b 18 14 0
1x1/755945 19 14 0
1x1/3e3c39 20 14 0
1x1/737271 21 14 0
1x1/907450 22 14 0
1x1/bd7d85 23 14 0
1x1/cca373 24 14 0
1x1/dcbc81 25 14 0
1x1/645a4c 26 14 0
1x1/1b2a34 27 14 0
1x1/9c9c9c 28 14 0
1x1/bdc6ad 29 14 0
1x1/d4d5c9 30 14 0
1x1/d4d5c9 31 14 0
1x1/bdc6ad 0 15 0
1x1/bdc6ad 1 15 0
1x1/bdc6ad 2 15 0
1x1/bdc6ad 3 15 0
1x1/645a4c 4 15 0
1x1/3e3c39 5 15 0
1x1/dcbc81 6 15 0
1x1/cdc298 7 15 0
1x1/dec69c 8 15 0
1x1/dcbc81 9 15 0
1x1/bd7d85 10 15 0
1x1/ae7a59 11 15 0
1x1/ae7a59 12 15 0
1x1/ae7a59 13 15 0
1x1/cca373 14 15 0
1x1/ae7a59 15 15 0
1x1/dec69c 16 15 0
1x1/cca373 17 15 0
1x1/cca373 18 15 0
1x1/b4a774 19 15 0
1x1/bd7d85 20 15 0
1x1/cca373 21 15 0
1x1/cca373 22 15 0
1x1/cca373 23 15 0
1x1/dcbc81 24 15 0
1x1/cca373 25 15 0
1x1/958a73 26 15 0
1x1/57392c 27 15 0
1x1/cdc298 28 15 0
1x1/bdc6ad 29 15 0
1x1/d4d5c9 30 15 0
1x1/d4d5c9 31 15 0
1x1/bdc6ad 0 16 0
1x1/bdc6ad 1 16 0
1x1/bdc6ad 2 16 0
1x1/3e3c39 3 16 0
1x1/583927 4 16 0
1x1/5c5030 5 16 0
1x1/cca373 6 16 0
1x1/dec69c 7 16 0
1x1/dec69c 8 16 0
1x1/dec69c 9 16 0
1x1/dcbc81 10 16 0
1x1/dcbc81 11 16 0
1x1/dec69c 12 16 0
1x1/dec69c 13 16 0
1x1/dcbc81 14 16 0
1x1/dcbc81 15 16 0
1x1/cca373 16 16 0
1x1/cca373 17 16 0
1x1/cca373 18 16 0
1x1/dec69c 19 16 0
1x1/dec69c 20 16 0
1x1/dcbc81 21 16 0
1x1/dcbc81 22 16 0
1x1/dec69c 23 16 0
1x1/dcbc81 24 16 0
1x1/cca373 25 16 0
1x1/907450 26 16 0
1x1/907450 27 16 0
1x1/cdc298 28 16 0
1x1/bdc6ad 29 16 0
1x1/d4d5c9 30 16 0
1x1/d4d5c9 31 16 0
1x1/bdc6ad 0 17 0
1x1/bdc6ad 1 17 0
1x1/bdc6ad 1 18 0
1x1/bdc6ad 2 17 0
1x1/bdc6ad 3 17 0
1x1/7c503a 4 17 0
1x1/7c503a 5 17 0
1x1/b4a774 6 17 0
1x1/cca373 7 17 0
1x1/cca373 8 17 0
1x1/dcbc81 9 17 0
1x1/dec69c 10 17 0
1x1/dec69c 11 17 0
1x1/dec69c 12 17 0
1x1/dcbc81 13 17 0
1x1/cca373 14 17 0
1x1/ae7a59 15 17 0
1x1/cca373 16 17 0
1x1/cca373 17 17 0
1x1/cca373 18 17 0
1x1/cca373 19 17 0
1x1/dcbc81 20 17 0
1x1/dcbc81 21 17 0
1x1/dcbc81 22 17 0
1x1/dcbc81 23 17 0
1x1/cca373 24 17 0
1x1/b4a774 25 17 0
1x1/57392c 26 17 0
1x1/ae7a59 27 17 0
1x1/bdc6ad 28 17 0
1x1/bdc6ad 29 17 0
1x1/d4d5c9 30 17 0
1x1/d4d5c9 31 17 0
1x1/bdc6ad 0 18 0
1x1/bdc6ad 2 18 0
1x1/bdc6ad 3 18 0
1x1/bdc6ad 4 18 0
1x1/7c503a 5 18 0
1x1/907450 6 18 0
1x1/b4a774 7 18 0
1x1/cca373 8 18 0
1x1/cca373 9 18 0
1x1/cca373 10 18 0
1x1/dcbc81 11 18 0
1x1/dcbc81 12 18 0
1x1/cca373 13 18 0
1x1/755945 14 18 0
1x1/764d3b 15 18 0
1x1/907450 16 18 0
1x1/907450 17 18 0
1x1/915c3c 18 18 0
1x1/cca373 19 18 0
1x1/dcbc81 20 18 0
1x1/dcbc81 21 18 0
1x1/dcbc81 22 18 0
1x1/dcbc81 23 18 0
1x1/cca373 24 18 0
1x1/b4a774 25 18 0
1x1/ae7a59 26 18 0
1x1/d4d5c9 27 18 0
1x1/d4d5c9 28 18 0
1x1/d4d5c9 29 18 0
1x1/d4d5c9 30 18 0
1x1/bdc6ad 31 18 0
1x1/bdc6ad 0 19 0
1x1/bdc6ad 1 19 0
1x1/bdc6ad 2 19 0
1x1/bdc6ad 3 19 0
1x1/bdc6ad 4 19 0
1x1/bdc6ad 5 19 0
1x1/915c3c 6 19 0
1x1/b4a774 7 19 0
1x1/d09168 8 19 0
1x1/d09168 9 19 0
1x1/cca373 10 19 0
1x1/cca373 11 19 0
1x1/dcbc81 12 19 0
1x1/dcbc81 13 19 0
1x1/dcbc81 14 19 0
1x1/cca373 15 19 0
1x1/cca373 16 19 0
1x1/dcbc81 17 19 0
1x1/dcbc81 18 19 0
1x1/dcbc81 19 19 0
1x1/cca373 20 19 0
1x1/cca373 21 19 0
1x1/cca373 22 19 0
1x1/cca373 23 19 0
1x1/cca373 24 19 0
1x1/b4a774 25 19 0
1x1/ae7a59 26 19 0
1x1/d4d5c9 27 19 0
1x1/bdc6ad 28 19 0
1x1/d4d5c9 29 19 0
1x1/d4d5c9 30 19 0
1x1/d4d5c9 31 19 0
1x1/bdc6ad 0 20 0
1x1/bdc6ad 1 20 0
1x1/bdc6ad 2 20 0
1x1/bdc6ad 3 20 0
1x1/bdc6ad 4 20 0
1x1/bdc6ad 5 20 0
1x1/d4d5c9 6 20 0
1x1/b4a774 7 20 0
1x1/ae7a59 8 20 0
1x1/cca373 9 20 0
1x1/cca373 10 20 0
1x1/cca373 11 20 0
1x1/d09168 12 20 0
1x1/bd7d85 13 20 0
1x1/cca373 14 20 0
1x1/907450 15 20 0
1x1/ae7a59 16 20 0
1x1/bd7d85 17 20 0
1x1/ae7a59 18 20 0
1x1/cca373 19 20 0
1x1/b4a774 20 20 0
1x1/cca373 21 20 0
1x1/cca373 22 20 0
1x1/cca373 23 20 0
1x1/cca373 24 20 0
1x1/cdc298 25 20 0
1x1/d4d5c9 26 20 0
1x1/bdc6ad 27 20 0
1x1/bdc6ad 28 20 0
1x1/d4d5c9 29 20 0
1x1/bdc6ad 30 20 0
1x1/d4d5c9 31 20 0
1x1/d4d5c9 31 21 0
1x1/bdc6ad 0 21 0
1x1/bdc6ad 1 21 0
1x1/bdc6ad 2 21 0
1x1/bdc6ad 3 21 0
1x1/bdc6ad 4 21 0
1x1/bdc6ad 5 21 0
1x1/bdc6ad 6 21 0
1x1/bdc6ad 7 21 0
1x1/ae7a59 8 21 0
1x1/ae7a59 9 21 0
1x1/cca373 10 21 0
1x1/cca373 11 21 0
1x1/aa7d55 12 21 0
1x1/907450 13 21 0
1x1/ae7a59 14 21 0
1x1/ae7a59 15 21 0
1x1/ae7a59 16 21 0
1x1/ae7a59 17 21 0
1x1/ae7a59 18 21 0
1x1/cca373 19 21 0
1x1/b48455 20 21 0
1x1/cca373 21 21 0
1x1/cca373 22 21 0
1x1/bd7d85 23 21 0
1x1/bd7d85 24 21 0
1x1/d4d5c9 25 21 0
1x1/bdc6ad 26 21 0
1x1/bdc6ad 27 21 0
1x1/bdc6ad 28 21 0
1x1/d4d5c9 29 21 0
1x1/d4d5c9 30 21 0
1x1/bdc6ad 0 22 0
1x1/bdc6ad 1 22 0
1x1/bdc6ad 2 22 0
1x1/bdc6ad 3 22 0
1x1/bdc6ad 4 22 0
1x1/bdc6ad 5 22 0
1x1/bdc6ad 6 22 0
1x1/bdc6ad 7 22 0
1x1/958a73 8 22 0
1x1/ae7a59 9 22 0
1x1/ae7a59 10 22 0
1x1/958a73 11 22 0
1x1/ae7a59 12 22 0
1x1/b4a774 13 22 0
1x1/ae7a59 14 22 0
1x1/ae7a59 15 22 0
1x1/ae7a59 16 22 0
1x1/ae7a59 17 22 0
1x1/d09168 18 22 0
1x1/cca373 19 22 0
1x1/cca373 20 22 0
1x1/b4a774 21 22 0
1x1/b4a774 22 22 0
1x1/bd7d85 23 22 0
1x1/bdc6ad 24 22 0
1x1/d4d5c9 25 22 0
1x1/d4d5c9 26 22 0
1x1/d4d5c9 27 22 0
1x1/bdc6ad 28 22 0
1x1/d4d5c9 29 22 0
1x1/d4d5c9 29 23 0
1x1/d4d5c9 30 22 0
1x1/d4d5c9 31 22 0
1x1/bdc6ad 0 23 0
1x1/bdc6ad 1 23 0
1x1/bdc6ad 1 24 0
1x1/bdc6ad 2 23 0
1x1/bdc6ad 3 23 0
1x1/bdc6ad 4 23 0
1x1/bdc6ad 5 23 0
1x1/bdc6ad 6 23 0
1x1/1b2a34 7 23 0
1x1/57392c 8 23 0
1x1/aa7d55 9 23 0
1x1/907450 10 23 0
1x1/907450 11 23 0
1x1/ae7a59 12 23 0
1x1/ae7a59 13 23 0
1x1/ae7a59 14 23 0
1x1/ae7a59 15 23 0
1x1/d09168 16 23 0
1x1/cca373 17 23 0
1x1/cca373 18 23 0
1x1/cca373 19 23 0
1x1/b4a774 20 23 0
1x1/958a73 21 23 0
1x1/ae7a59 22 23 0
1x1/958a73 23 23 0
1x1/d4d5c9 24 23 0
1x1/d4d5c9 25 23 0
1x1/d4d5c9 26 23 0
1x1/d4d5c9 27 23 0
1x1/d4d5c9 28 23 0
1x1/d4d5c9 30 23 0
1x1/d4d5c9 31 23 0
1x1/bdc6ad 0 24 0
1x1/bdc6ad 2 24 0
1x1/bdc6ad 3 24 0
1x1/bdc6ad 4 24 0
1x1/6d6e5c 5 24 0
1x1/3e3c39 6 24 0
1x1/3e3c39 7 24 0
1x1/645a4c 8 24 0
1x1/958a73 9 24 0
1x1/907450 10 24 0
1x1/907450 11 24 0
1x1/907450 12 24 0
1x1/b4a774 13 24 0
1x1/cca373 14 24 0
1x1/bd7d85 15 24 0
1x1/bd7d85 16 24 0
1x1/cca373 17 24 0
1x1/cca373 18 24 0
1x1/cca373 19 24 0
1x1/b4a774 20 24 0
1x1/907450 21 24 0
1x1/aa7d55 22 24 0
1x1/aa7d55 23 24 0
1x1/d4d5c9 24 24 0
1x1/d4d5c9 25 24 0
1x1/d4d5c9 26 24 0
1x1/d4d5c9 27 24 0
1x1/d4d5c9 28 24 0
1x1/d4d5c9 29 24 0
1x1/d4d5c9 30 24 0
1x1/d4d5c9 31 24 0
1x1/bdc6ad 0 25 0
1x1/bdc6ad 1 25 0
1x1/bdc6ad 2 25 0
1x1/bdc6ad 3 25 0
1x1/9c9c9c 4 25 0
1x1/5e3f33 5 25 0
1x1/645a4c 6 25 0
1x1/b4a774 7 25 0
1x1/5c5030 8 25 0
1x1/b4a774 9 25 0
1x1/aa7d55 10 25 0
1x1/907450 11 25 0
1x1/907450 12 25 0
1x1/907450 13 25 0
1x1/907450 14 25 0
1x1/ae7a59 15 25 0
1x1/ae7a59 16 25 0
1x1/ae7a59 17 25 0
1x1/ae7a59 18 25 0
1x1/aa7d55 19 25 0
1x1/907450 20 25 0
1x1/907450 21 25 0
1x1/958a73 22 25 0
1x1/958a73 23 25 0
1x1/d4d5c9 24 25 0
1x1/d4d5c9 25 25 0
1x1/d4d5c9 26 25 0
1x1/d4d5c9 27 25 0
1x1/d4d5c9 28 25 0
1x1/d4d5c9 29 25 0
1x1/d4d5c9 30 25 0
1x1/bdc6ad 31 25 0
1x1/bdc6ad 0 26 0
1x1/bdc6ad 1 26 0
1x1/bdc6ad 2 26 0
1x1/57392c 3 26 0
1x1/b4a774 4 26 0
1x1/dec69c 5 26 0
1x1/cdc298 6 26 0
1x1/b4a774 7 26 0
1x1/755945 8 26 0
1x1/b4a774 9 26 0
1x1/ae7a59 10 26 0
1x1/ae7a59 11 26 0
1x1/907450 12 26 0
1x1/907450 13 26 0
1x1/915c3c 14 26 0
1x1/915c3c 14 27 0
1x1/907450 15 26 0
1x1/907450 16 26 0
1x1/907450 17 26 0
1x1/907450 18 26 0
1x1/907450 19 26 0
1x1/ae7a59 20 26 0
1x1/ae7a59 21 26 0
1x1/958a73 22 26 0
1x1/958a73 23 26 0
1x1/aa7d55 24 26 0
1x1/755945 25 26 0
1x1/755945 26 26 0
1x1/755945 27 26 0
1x1/5e3f33 28 26 0
1x1/cca373 29 26 0
1x1/cdc298 30 26 0
1x1/cdc298 31 26 0
1x1/bdc6ad 0 27 0
1x1/bdc6ad 1 27 0
1x1/dec69c 2 27 0
1x1/dec69c 3 27 0
1x1/dec69c 4 27 0
1x1/dec69c 5 27 0
1x1/cdc298 6 27 0
1x1/cdc298 7 27 0
1x1/764d3b 8 27 0
1x1/958a73 9 27 0
1x1/ae7a59 10 27 0
1x1/aa7d55 11 27 0
1x1/907450 12 27 0
1x1/907450 13 27 0
1x1/907450 15 27 0
1x1/907450 16 27 0
1x1/907450 17 27 0
1x1/907450 18 27 0
1x1/aa7d55 19 27 0
1x1/aa7d55 20 27 0
1x1/958a73 21 27 0
1x1/b4a774 22 27 0
1x1/b4a774 23 27 0
1x1/907450 24 27 0
1x1/b4a774 25 27 0
1x1/ae7a59 26 27 0
1x1/907450 27 27 0
1x1/cdc298 28 27 0
1x1/cdc298 29 27 0
1x1/cdc298 30 27 0
1x1/cdc298 31 27 0
1x1/bdc6ad 0 28 0
1x1/dec69c 1 28 0
1x1/dec69c 2 28 0
1x1/cdc298 3 28 0
1x1/cdc298 4 28 0
1x1/dec69c 5 28 0
1x1/cdc298 6 28 0
1x1/dec69c 7 28 0
1x1/dec69c 8 28 0
1x1/764d3b 9 28 0
1x1/907450 10 28 0
1x1/907450 11 28 0
1x1/907450 12 28 0
1x1/907450 13 28 0
1x1/907450 14 28 0
1x1/907450 15 28 0
1x1/907450 16 28 0
1x1/907450 17 28 0
1x1/aa7d55 18 28 0
1x1/aa7d55 19 28 0
1x1/b4a774 20 28 0
1x1/b4a774 21 28 0
1x1/b4a774 22 28 0
1x1/aa7d55 23 28 0
1x1/907450 24 28 0
1x1/907450 25 28 0
1x1/cca373 26 28 0
1x1/cdc298 27 28 0
1x1/cca373 28 28 0
1x1/cdc298 29 28 0
1x1/b4a774 30 28 0
1x1/cdc298 31 28 0
1x1/b4a774 0 29 0
1x1/5e3f33 1 29 0
1x1/5c5030 2 29 0
1x1/3e3c39 3 29 0
1x1/6b5a5a 4 29 0
1x1/bd7d85 5 29 0
1x1/cdc298 6 29 0
1x1/cdc298 7 29 0
1x1/cdc298 8 29 0
1x1/cdc298 9 29 0
1x1/cdc298 10 29 0
1x1/bd7d85 11 29 0
1x1/764d3b 12 29 0
1x1/755945 13 29 0
1x1/907450 14 29 0
1x1/907450 15 29 0
1x1/907450 16 29 0
1x1/ae7a59 17 29 0
1x1/ae7a59 18 29 0
1x1/958a73 19 29 0
1x1/958a73 20 29 0
1x1/958a73 21 29 0
1x1/907450 22 29 0
1x1/cca373 23 29 0
1x1/cdc298 24 29 0
1x1/cca373 25 29 0
1x1/cca373 26 29 0
1x1/b4a774 27 29 0
1x1/958a73 28 29 0
1x1/cdc298 29 29 0
1x1/cca373 30 29 0
1x1/cdc298 31 29 0
1x1/cdc298 0 30 0
1x1/cdc298 1 30 0
1x1/cdc298 2 30 0
1x1/cdc298 3 30 0
1x1/bd7d85 4 30 0
1x1/645a4c 5 30 0
1x1/5e3f33 6 30 0
1x1/907450 7 30 0
1x1/958a73 8 30 0
1x1/cca373 9 30 0
1x1/ae7a59 10 30 0
1x1/bd7d85 11 30 0
1x1/cca373 12 30 0
1x1/bd7d85 13 30 0
1x1/755945 14 30 0
1x1/645a4c 15 30 0
1x1/907450 16 30 0
1x1/907450 17 30 0
1x1/907450 18 30 0
1x1/755945 19 30 0
1x1/cdc298 20 30 0
1x1/cdc298 21 30 0
1x1/958a73 22 30 0
1x1/dcbc81 23 30 0
1x1/cca373 24 30 0
1x1/cca373 25 30 0
1x1/cdc298 26 30 0
1x1/cca373 27 30 0
1x1/cca373 28 30 0
1x1/cca373 29 30 0
1x1/b4a774 30 30 0
1x1/907450 31 30 0
1x1/cca373 0 31 0
1x1/cdc298 1 31 0
1x1/cdc298 2 31 0
1x1/cdc298 3 31 0
1x1/cdc298 4 31 0
1x1/b4a774 5 31 0
1x1/bd7d85 6 31 0
1x1/755945 7 31 0
1x1/755945 8 31 0
1x1/907450 9 31 0
1x1/755945 10 31 0
1x1/dec69c 11 31 0
1x1/907450 12 31 0
1x1/bd7d85 13 31 0
1x1/b4a774 14 31 0
1x1/b4a774 15 31 0
1x1/cdc298 16 31 0
1x1/bd7d85 17 31 0
1x1/b4a774 18 31 0
1x1/cdc298 19 31 0
1x1/cca373 20 31 0
1x1/cca373 21 31 0
1x1/958a73 22 31 0
1x1/cca373 23 31 0
1x1/b4a774 24 31 0
1x1/b4a774 25 31 0
1x1/b4a774 26 31 0
1x1/b4a774 27 31 0
1x1/bd7d85 28 31 0
1x1/958a73 29 31 0
1x1/3e3c39 30 31 0
1x1/b4a774 31 31 0
